00001 10,2,0,
00002 10,2,0,
00004 10,3,0,
00009 10,2,0,
00010 10,2,0,
00012 10,2,0,
00013 10,2,0,
00014 10,2,0,
00015 10,2,0,
00017 10,2,0,
00018 10,2,0,
00019 10,2,0,
00021 10,2,0,
00023 10,2,0,
00024 10,2,0,
00026 10,2,0,
00027 10,2,0,
00028 10,2,0,
00029 10,2,0,
00031 10,2,0,
00033 10,2,0,
00036 10,2,0,
00037 10,2,0,
00038 10,2,0,
00039 11,2,0,
00041 10,2,0,
00042 10,2,0,
00043 12,2,0,
00044 10,2,0,
00046 10,2,0,
00047 10,2,0,
00048 10,2,0,
00049 10,2,0,
00050 12,2,0,
00051 10,2,0,
00052 10,2,0,
00053 10,2,0,
00056 10,2,0,
00057 10,2,0,
00058 11,2,0,
00059 10,2,0,
00060 10,2,0,
00062 10,2,0,
00063 10,2,0,
00064 10,2,0,
00065 10,2,0,
00066 10,2,0,
00067 10,2,0,
00070 10,2,0,
00071 10,2,0,
00072 10,0,0,
00073 10,0,0,
00075 10,0,0,
00076 10,0,0,
00078 10,0,0,
00081 10,0,0,
00083 10,0,0,
00084 10,0,0,
00085 10,0,0,
00086 10,0,0,
00088 10,0,0,
00090 10,0,0,
00091 10,0,0,
00092 10,0,0,
00094 10,0,0,
00095 10,0,0,
00096 10,0,0,
00097 10,0,0,
00098 10,0,0,
00099 10,0,0,
00100 10,0,0,
00102 10,0,0,
00104 9,0,0,
00108 9,0,0,
00109 10,0,0,
00110 10,0,0,
00112 10,0,0,
00113 10,0,0,
00114 10,0,0,
00117 10,0,0,
00118 10,0,0,
00119 10,0,0,
00121 10,0,0,
00122 10,0,0,
00123 10,0,0,
00124 10,0,0,
00127 10,0,0,
00128 10,0,0,
00129 10,0,0,
00130 10,0,0,
00131 10,0,0,
00132 10,0,0,
00133 10,0,0,
00134 10,0,0,
00135 10,0,0,
00136 10,0,0,
00137 8,0,0,
00138 10,0,0,
00141 10,0,0,
00142 10,0,0,
00143 10,0,0,
00144 10,0,0,
00145 10,0,0,
00146 9,0,0,
00148 8,0,0,
00149 10,0,0,
00150 10,0,0,
00151 10,0,0,
00152 10,0,0,
00154 10,0,0,
00155 10,0,0,
00156 10,0,0,
00157 10,0,0,
00158 10,0,0,
00159 10,0,0,
00160 10,0,0,
00161 10,0,0,
00164 10,0,0,
00165 10,0,0,
00166 10,0,0,
00168 10,0,0,
00169 10,0,0,
00171 10,0,0,
00173 10,0,0,
00174 10,0,0,
00175 10,0,0,
00179 4,10,2,
00180 2,10,0,
00181 2,11,2,
00182 2,10,2,
00183 2,12,2,
00184 2,10,2,
00186 2,10,2,
00189 2,10,2,
00190 2,10,2,
00194 2,11,2,
00195 10,10,2,
00196 2,10,2,
00197 2,10,2,
00200 2,10,2,
00202 2,10,2,
00204 2,10,2,
00205 2,10,2,
00206 2,10,2,
00207 2,10,3,
00209 2,10,2,
00212 3,10,2,
00214 2,10,2,
00215 2,10,2,
00216 2,10,2,
00218 2,10,2,
00219 2,10,2,
00220 2,11,2,
00221 2,10,2,
00222 2,11,2,
00223 2,10,2,
00224 2,10,2,
00225 2,10,2,
00230 2,10,2,
00231 2,10,2,
00232 2,10,1,
